75
74
74
0
0
74
78
80
70
0
0
83
83
83
83
83
82
0
0
0
0
0
91
84
77
0
0
0
0
0
0
0
0
0
0
0
0
0
0
0
0
0
0
0
0
0
0
95
96
95
96
0
0
0
0
0
85
85
0
0
0
0
0
0
0
0
0
0
0
76
76
0
76
0
0
0
0
71
70
69
68
67
67
67
68
67
69
63
63
63
63
63
63
64
63
64
61
65
65
65
65
65
65
65
65
65
65
65
65
65
65
66
69
69
69
69
69
69
69
68
66
65
66
0
67
67
68
68
69
67
62
62
62
62
63
63
63
61
65
66
65
64
67
61
64
66
72
72
72
71
73
74
71
71
71
70
72
72
72
72
73
73
73
73
73
73
73
73
73
73
74
72
71
68
69
68
70
65
72
72
72
73
69
69
70
68
64
64
64
64
64
64
64
0
67
68
66
66
67
64
64
64
64
64
65
66
67
67
68
67
68
69
66
66
65
66
65
59
59
59
59
59
59
58
59
57
62
66
66
66
65
67
67
67
67
67
67
68
69
69
69
68
72
61
61
62
59
59
59
58
59
57
55
56
57
56
57
56
55
58
57
59
59
59
59
59
59
58
59
62
61
65
65
65
64
66
71
71
71
71
70
72
0
77
77
78
75
67
67
67
68
68
0
68
68
67
70
64
64
64
64
64
64
64
64
64
64
64
63
63
63
0
0
64
63
65
65
65
66
67
67
67
67
67
67
66
64
64
0
64
64
64
64
64
64
64
65
64
65
70
70
71
73
73
73
73
73
74
74
74
74
74
75
72
66
66
67
68
69
70
68
63
63
63
63
63
63
63
63
63
63
63
63
63
63
62
58
64
63
63
0
0
64
64
64
64
64
64
64
65
65
65
64
67
67
67
67
68
65
65
65
65
65
65
65
65
65
65
64
65
63
69
68
71
71
71
71
72
0
72
72
72
72
72
72
72
73
75
69
69
70
69
71
66
66
65
66
66
67
68
68
68
68
68
68
67
66
66
66
66
66
66
65
65
65
65
65
64
64
65
64
65
65
66
67
68
69
70
71
70
69
68
68
68
68
67
70
73
73
73
73
73
73
73
76
75
77
73
65
64
65
64
65
65
64
63
62
63
62
62
61
62
62
62
63
64
64
64
64
63
64
63
63
64
64
64
64
64
63
64
64
65
64
62
62
62
61
64
63
63
63
63
64
62
62
63
63
63
62
62
62
62
63
63
62
63
61
67
67
66
69
62
62
62
62
62
62
62
62
62
62
62
62
62
62
62
63
64
65
66
67
68
70
70
70
68
68
68
68
69
66
73
73
72
72
72
71
71
73
74
72
75
68
68
68
67
69
68
66
66
66
66
66
66
67
66
65
66
65
67
63
68
68
68
69
67
66
65
62
63
61
61
61
61
61
61
62
61
63
59
60
64
64
64
64
65
62
61
61
61
62
60
64
65
64
67
67
68
69
70
70
72
73
73
74
76
77
79
75
71
65
65
65
65
65
65
64
65
65
64
65
66
67
67
68
69
69
69
69
0
69
69
0
69
69
0
69
0
69
0
69
69
69
69
69
69
69
69
70
69
71
66
79
68
69
68
69
0
0
75
75
75
75
75
75
75
76
72
63
64
63
65
72
72
73
70
70
70
70
70
70
69
71
72
70
68
65
64
65
64
67
61
68
66
65
64
63
62
59
59
59
59
58
60
65
64
65
64
67
67
68
69
69
69
69
69
69
70
69
72
64
64
63
64
63
66
66
66
66
66
66
67
67
67
67
67
67
67
67
67
67
67
67
67
68
68
68
69
72
71
73
0
0
77
77
0
82
82
82
81
84
84
77
70
70
70
70
71
70
71
69
74
74
74
74
73
75
75
75
75
76
77
79
79
79
79
72